46 46 46 46 46 46 46 46 46 46 46 46 46 42 88 46 46 46 46 46 
46 46 46 42 46 46 46 46 46 46 46 46 46 46 46 46 46 46 46 46 
46 46 46 46 72 109 46 46 46 46 46 46 46 46 46 46 46 46 46 46 
46 46 46 46 46 104 46 46 46 46 46 46 46 46 46 46 46 46 46 42 
46 46 46 46 46 42 46 46 46 46 46 46 46 46 46 46 46 46 46 46 
46 46 46 46 46 46 46 46 46 46 46 46 46 46 46 46 46 46 46 46 
46 46 46 46 46 46 46 46 46 46 46 46 46 42 46 46 46 46 46 46 
46 46 46 46 46 46 46 46 46 46 46 42 46 46 46 46 46 109 46 42 
46 46 46 46 46 46 46 46 46 46 72 46 46 79 42 46 42 46 42 46 
46 42 46 46 46 46 42 46 46 46 46 46 46 46 46 46 46 46 46 46 
46 46 46 46 46 46 46 46 42 46 42 46 103 46 46 46 46 46 46 72 
46 46 46 46 46 46 46 46 46 46 46 46 46 46 46 46 46 46 46 46 
46 46 46 46 46 46 46 46 46 46 46 46 46 46 46 46 46 46 46 46 
46 46 46 46 46 46 46 46 46 119 46 46 46 46 46 46 46 46 46 42 
46 46 46 46 46 46 46 46 46 46 42 46 46 46 46 46 46 46 46 46 
46 46 46 46 46 46 46 46 46 46 46 46 46 46 46 46 46 42 46 46 
46 46 46 46 46 46 46 46 46 46 46 46 46 46 46 46 46 46 46 46 
46 46 46 46 46 46 46 46 46 46 46 46 46 46 46 46 46 46 46 46 
46 46 46 46 46 46 46 46 46 46 46 46 42 46 46 46 46 46 46 46 
84 42 46 46 46 46 46 46 46 46 46 46 46 46 46 46 46 46 46 46 
